Session 0 contains_these_pids: 2103 2476 390 114 152 2562 448 2563 2564 2565 2580 2581 2582 2588 2589 2590 2743 2749 2752 2753 2754 2755 2756 2757 2758 2759 2760 2761 2762 2763 2764 2765 2775 2776 2777 2788 2789 2790 2801 2802 2805 2806 2819 2820 2825 2826 2828 2829 2837 2838 2839 2912 2913 2914 2934 2935 2942 2943 2944 2965 174 2987 2988 2989 2990 2991 2992 2993 2994 2995 3067 3068 3069 3076 3077 3078 3100 3106 3107 3108 3149 3150 3151 3221 3222 3223 3224 3225 3226 3227 3228 3229 3298 3304 3408
Session 2025 contains_these_pids: 2108
Session 2363 contains_these_pids: 2375 2364 2751 2771 2772 2773 2774 2782 2783 2785 2810 2812 2823 2824 2827 2832 2834 2835 2862 2863 2920 2939 2941 2952 2956 2958 2969 2974 2978 2980 2981 2982 2998 3055 3088 3089 3091
Session 2379 contains_these_pids: 2519 2500 2413 2460 2455 2501 2525 2526 2443 2504 2440 2441 2458 2527 2528 2462 2532 2481 2429 2534 2535 2427 2380 2379 2430 2389 2392
Session 2565 contains_these_pids: 2565 2566 2567 2568 2569 2570 2571 2572 2573 2574 2575 2576 2577 2578
Session 2582 contains_these_pids: 2582 2583 2584 2585 2586 2587 2595 2641 2642 2643 2644 2648 2649 2650 2651 2653 2701 2702 2703 2704 2705 2706 2707 2708 2709 2710 2711 2712 2713 2714 2715 2716 2717 2718 2719 2720 2721 2722 2723 2724 2725 2726 2727 2728 2729 2730 2731 2732 2733 2734 2735 2736 2737 2738 2740
Session 2590 contains_these_pids: 2590 2591 2592 2593 2594 2645 2646 2647 2699 2700 2739 2741 2742 2960 2961 2962 2963 2964 2967 2971 2972 2973 2975 2976 2979 3057 3060 3095 3096 3097 3098 3099 3101 3102 3104 3105 3125 3126 3128 3130 3133 3147 3159 3160 3164 3235 3236 3283 3284 3285
Session 2755 contains_these_pids: 2755
Session 2760 contains_these_pids: 2760
Session 2765 contains_these_pids: 2765 2766 2767 2768 2769 2770
Session 2777 contains_these_pids: 2777 2778 2779 2780 2781 2786 2787 2809 2811 2813 2814 2816 2817 2818 2821 2822 2830 2833 2836 2864 2919 2924 2931 2932 2937 2940 2996 2999 3062 3064 3074 3093 3094 3118 3127 3132 3144 3161 3162 3212 3215 3287 3288 3295 3438
Session 2790 contains_these_pids: 2790 2791 2792 2793 2794 2795 2796 2797 2798 2799 2800
Session 2802 contains_these_pids: 2802 2803 2804
Session 2806 contains_these_pids: 2806 2807 2808
Session 2839 contains_these_pids: 2839 2840 2841 2842 2843 2844 2845 2846 2847 2848 2849 2850 2851 2852 2853 2854 2855 2856 2857 2858 2859 2860 2861 2865 2866 2923 2927 2936 2938 2949 2955 2957 2966 2968 2970 2977 2983 2984 2985 2986 3000 3054 3056 3058 3059 3061 3063 3065 3066 3075 3083 3084 3086 3087 3143 3146 3152 3163 3214 3217 3218 3219 3220 3230 3231 3232 3233 3234 3237 3286 3308 3436
Session 2914 contains_these_pids: 2914 2915 2916 2917 2918 2921 2922 2925 2926 2928 2929 2930
Session 2944 contains_these_pids: 2944 2945 2946 2947 2948 2950 2951 2953 2954
Session 3069 contains_these_pids: 3069 3070 3071 3072 3073 3085 3299 3300 3301 3302 3303 3305 3432 3433 3437
Session 3078 contains_these_pids: 3078 3079 3080 3081 3082 3090 3103 3129 3293
Session 3108 contains_these_pids: 3108 3109 3110 3111 3112 3113 3114 3115 3116 3117 3119 3120 3121 3122 3123 3124 3131 3134 3135 3136 3137 3138 3139 3140 3141 3142 3148 3157 3158 3210 3211 3213 3216 3289 3290 3291 3292 3294 3296 3306 3430 3431
Session 3151 contains_these_pids: 3151 3153 3154 3155 3156 3297 3307
Session 3312 contains_these_pids: 3312 3313 3314 3315 3316 3317 3318 3319 3320 3322 3323 3321 3324 3325 3326 3327 3328 3329 3330 3331 3332 3333 3334 3335 3336 3337 3338 3339 3340 3342 3341 3344 3345 3343 3346 3347 3348 3349 3350 3351 3352 3353 3354 3355 3357 3358 3359 3360 3361 3362 3363 3365 3366 3364 3367 3356 3368 3369 3370 3371 3372 3373 3374 3375 3376 3377 3378 3379 3380 3381 3382 3383 3384 3385 3386 3387 3388 3389 3390 3391 3392 3393 3394 3395 3396 3397 3398 3399 3400 3401 3402 3403 3404 3406 3405 3407 3409 3410 3411 3412 3413 3414 3415 3416 3417 3418 3419 3420 3421 3422 3423 3424 3425 3426 3427 3428 3429 3434 3435
